-3.523756289429617,0.00548456144965126,-2.567712747345328,-3.655152188999271,-3.581412810897077,-13.747011647715205
-4.323159651376644,-4.904687828698538,-3.8819424469960193,-1.9477321399161482,-1.5618745266177974,-16.46208922472242
0.2265913084900859,-3.2163405781465277,-4.056261137035692,0.7412632137309974,-2.208751621508558,-9.043267563033979
-2.5576193046964937,-3.6130333545321918,-2.345434670628282,-2.263944491187371,-0.7509581667527909,-11.107539837177226
-2.360647701532673,0.9519128635278742,-0.2612195221779636,-0.3618804615371145,-4.161176744499517,-6.142090930938996
-0.8753535580715219,-4.02191750686901,-3.014629881468228,-1.7653386197602359,0.7626551101463956,-7.880506467186779
-0.5363321287615364,-4.345836162343546,0.19377371338805993,0.2243110681747833,-0.1533060444585086,-4.646694658572301
0.02136187017623481,-3.7915390045826696,-4.373252578571096,-1.456756392581596,-4.71084552825786,-14.872094039018688
-0.9745137859209239,0.3471652554150726,-4.79222405380152,-3.03871229916194,-3.1950585621856167,-12.189299723598557
-2.6604576118378382,-0.6242755389083632,-2.480795661227126,-4.844143546433386,-4.0971249270584975,-14.175171909567476
-4.892236676353204,-4.235716309831673,-2.1434334327276185,-1.452851381234209,-2.641132837101251,-15.271740456363661
-2.5650482897839426,-4.231891806163985,-0.7730651432548239,-4.644926157742913,-3.4124828512569154,-15.403197621791197
-0.7053544290712788,-1.392911013597319,0.2250275732478313,-3.546179813044943,-3.3137134566172968,-9.033621993701244
-1.933574891987658,-3.1808755560523365,-3.14565412942219,0.6600131322569789,-4.764551831143139,-12.871438593061669
-0.8615935248992157,-2.85864231180442,-3.8726770447170153,-2.3004838557538236,-3.3520970317762444,-13.052191884649375
-1.352541554522992,-3.2001352763969235,0.132201465714342,-4.064205875522979,-0.024566026301542365,-8.057916336035026
-4.2519260885102,0.5771136981660261,-4.27922411700851,-4.93011338677033,-2.4591833518440955,-15.576799870379297
-1.322460591881188,-2.3741524624345205,-1.8319704496508304,-2.753672873039572,-3.1416500992368013,-11.030601656935907
-2.591835866985477,-2.3196356493879042,-4.803600333198397,-0.8911587741069571,0.8139315369853728,-10.378370755370558
-1.505517919709483,-4.564532862759913,-4.519083718023058,-2.288919793901554,-2.6002217231618725,-16.25574827386191
-4.432829818500519,-2.077007001083068,-4.9518840021773505,-3.746071358485991,-4.970412937252286,-20.52260917195295
-1.3369389799710323,-0.4760281155206618,-4.657751586438394,-3.0977584676707113,0.9681454604167561,-8.33070429832658
-3.758099949058978,-1.2774820909023559,-4.1991844613073726,-3.5032514040088154,-3.9654572600251257,-17.034630496420323
-1.1307911291793151,-4.9436276420189325,-4.902896147849345,-1.6609497232136903,-0.8073615979275424,-13.0799316992599
-0.4389807664909924,-2.5832233093555907,-1.684939986968181,-1.4227850421443535,-4.780342578494683,-11.79716029041929
-3.750157931449043,-3.9726679015471698,-3.9532829897143773,-2.152681414767513,-4.79944003976035,-18.05567033181648
-1.3679861267347078,0.48032758259569874,-1.7194473484330546,-0.33036551169439576,0.49599507398023945,-3.0761220813358316
-3.5970905384781386,-3.8437871573973594,-3.1349618310526735,-0.45255037867895,-0.5653932844256291,-11.925684631502708
-2.627979895453917,-2.929894307841697,0.1626847194810752,-0.9530581089560259,-4.096670190941356,-10.071896230055579
0.5301301095413367,-0.8979835841792996,-4.615756325860472,-3.9444320748735064,-4.019886636132424,-11.959049474740983
-3.1627386105448227,-4.867522757713067,-3.7722220565200395,-4.7971351239879025,0.22025854907329645,-15.862433383334366
-3.8555164832712414,-1.216780303405633,-2.7615699021657063,0.4539298047943072,-3.7408506928830523,-11.605673216152992
0.6122841254577285,-2.072840858677344,-0.19651992677352048,0.49224785502033797,0.9682712511562226,0.025990063644092398
-2.793116068079888,-2.910272046749322,-0.6523517902158558,0.4965793126546556,-0.747886473953363,-7.013984552279474
-3.1695580978116893,-0.7372239348333967,-4.97958442844861,0.406297345227685,-1.9648266613685155,-10.885881566998671
-3.2007450466393728,-0.42486347920188283,-4.212762086558082,-1.0488417645814332,-2.522331741141797,-11.635031963651317
-2.486801732573699,-1.926168685100703,-4.311591191105008,-1.5453184971818277,-3.369821242791965,-13.72099352449786
-2.0907196805887276,-3.6230601623424343,-2.429133126246338,-1.3528435835057149,-4.235790776221155,-14.174186244959165
-1.06366966619602,-4.674619584890486,-3.7683223810343573,-0.26772575278967814,-2.989195181264453,-13.692278720292835
0.3283291228705565,-1.0915858802571972,0.2185137273556652,0.2297336581726288,-4.4903940286513135,-4.812535190890334
0.5975220246520871,-0.09344574352773272,-1.2919130550030875,0.1396127622291754,-1.0376975482898114,-1.3488934957807377
-4.902216495038029,-1.2973563637453918,-0.2601184672975032,0.46733353277883793,-4.483090155920616,-10.669719400565826
-1.894623730551733,-0.8588635898407464,-4.25985133020239,0.6103431823274157,-3.799373822646033,-9.796588644852866
-2.742302209219172,-2.57831846616341,-2.8163734590226905,0.27963219980541965,-0.4344921409049016,-9.15547650826019
-1.6661716207507933,-1.1798814793200774,-1.5298957132707693,-4.317362579982688,-1.1558510443750585,-10.177081622003769
0.4623313269600491,-2.4188113712948134,-4.962621146884929,-1.8745845231315945,-4.193130861842558,-13.449908684475933
-1.8878526541632605,-1.909817815138465,-2.8352118229987955,-1.5052813349814405,-4.67149745419438,-12.350211505649971
0.7363639953035479,-1.0866186635910822,-4.572480067280683,0.26065442158275154,-4.080304134131177,-9.074347783122217
-3.765320459242953,-2.165066102886442,0.23679917493496738,-0.5275535605754467,-0.8745619275955692,-7.697927529218293
-2.779507323037169,0.5348384269342175,-1.2316980761540188,-0.6621625926104873,-0.018984421366029736,-4.193211800729412
-1.0569331758764027,-0.8358279466430947,-1.6222922172008056,-0.05763355224318012,-4.407242419143606,-8.757348655897008
-0.5114836676538035,0.16394281979267955,0.9514732161390596,-0.3923244339999101,-0.40475980708535086,0.3955973488036949
-1.482328853155411,-4.9272584346163715,-0.11385382245745035,-3.4418061701809646,-3.0838838540999287,-14.19850341508184
-4.380109033307877,-4.20738527150205,-0.26863641906821734,-0.8606097230241136,-3.363531001843337,-12.502110665909527
-4.356750219469767,-2.1244303780931806,0.10896934171605643,-3.3024569731845856,0.15380372241728768,-9.436857803392428
-0.3714691055303101,-4.405777936671646,-3.2416689590049232,-3.5579380571371746,-2.3956799534661988,-14.219114484181741
-1.5898624571597386,-4.346992120867415,-0.2945447748592267,-1.933346971810935,-4.138141060245141,-12.29283744332124
-0.5093221997710655,-2.8904780339922214,-4.7786590553875845,-3.5740982466477655,-0.5377851734735568,-11.759072342508436
-3.5466289535572715,-1.0221248383871364,-1.5702860985713807,-2.7441108375271717,-4.181656749796003,-13.450284455915773
-4.647862564668331,-4.019514497846722,-2.199912504461526,0.6957963115290768,-2.8196893083079626,-12.737866318705366
-2.733849414326243,0.5946088488837429,0.5263134583024396,0.6154952788709025,0.8310966751232884,-0.4871611765315633
-0.12771233597067955,-1.9602468550256105,-2.9955945603090393,-1.028094545737782,-3.884462870249455,-9.868263883308003
-2.088565603873944,-0.18203749438278471,0.7208123826316752,-3.155130364387478,-3.5564271219456445,-8.459467576724647
-0.40135043129423664,0.6013358625716778,-2.3433335866665534,-4.027127566333647,-4.016461811435497,-10.770291591279575
-2.5676130066804346,-4.690154641890127,0.9767897778926562,-0.011971763711121852,-0.5060109015629477,-6.7959875959356415
-2.402886669921559,-2.918177523082635,-0.6207338075947035,-0.8064984043335839,-0.6196895527171549,-7.6412384582737225
-0.01165467118194563,-4.291862081833913,-0.9342381061858926,0.4945397511663838,-0.6811375471354317,-4.9323772469310185
-3.438056051531787,-2.9150386649382316,-2.445336823245703,-1.9367097742318142,-0.13738803965500956,-10.53230388459336
-3.6549747563697754,-2.2269445883447534,-2.5249770432315812,-4.69074131691133,-4.426541542324291,-18.02524325752187
-2.0185094051492083,-2.2560582868452057,-1.4980574159430846,-0.5034007975372958,-4.0862966193639325,-10.163535334188749
-1.098413564047802,0.4536653630264311,-0.5217586104233556,-4.600095257143133,-4.607439265497561,-9.302454752666723
-2.3232577345603183,0.44387729332077264,0.2900268556218961,-3.686122841010675,0.3467394860551085,-5.3406919465926
-2.4263193174679607,-3.3409269146260163,0.8748558825490855,-0.08070989077218194,-4.5602959698865835,-9.451754503851728
-2.5214106652730734,-3.9520726350772852,-2.320221449476312,-3.8944662604229245,-2.3979356796438203,-14.604191669868548
-4.863781110849054,-2.691410022620004,-1.5449388424928152,-3.3533858318206797,0.983172287175992,-12.443913491784256
-0.6955665577296504,-4.916942249799487,0.6135985120342156,-0.6552258865433123,0.7936601607829354,-5.399355777482454
-1.6367743226703526,-4.82790069920389,-0.6314729202826914,-0.8350139277726027,-2.3292945238293568,-9.931594329438118
-4.8878010059286705,-0.7670990055543756,-3.3158352505118502,-2.2410479587697534,-0.13379912343696798,-11.880624647538141
-0.12779101133450776,-2.7800683536843573,-2.7289808249575227,0.6281321719579029,-1.0026752617762602,-6.089158859093159
-4.516466649574223,-1.4442588557544784,-0.6380995146410635,-4.963908764012922,-1.4654254057754068,-12.613166102535322
-3.2410359687961092,-4.440063465421553,-4.684832070365111,-3.9050396095040956,-0.26778457195153926,-16.686659288692347
-4.872563699289163,0.23585488426419765,-2.900632813762083,-2.511335799319511,-1.6933926002814248,-11.867984039657271
-0.26076396443595495,0.48034588706134684,-1.75086348058265,-0.3230141504934547,-0.8953867984324448,-2.3997242703753114
-3.3460489088203174,-3.049511124769971,-0.006889648565970852,0.9971290365014038,-3.8236608952661406,-9.237331391072983
-4.523710947391615,-0.9020602285312478,0.5732640049390856,-3.1226336329632156,-4.956935157036707,-13.455392727234623
0.6758231121060527,-0.17617122133646124,-0.3305900463598048,-3.52121729309719,-0.5149104415514056,-3.780142871147428
-2.0181070425611987,-1.8517380547270839,-4.38698886210511,-0.8455928691242622,-4.250445653161984,-13.238063664479473
-3.2877832653353014,0.15951586685739017,-1.3904162838655139,0.5734717178185438,-2.1735771365562733,-5.272712839928292
-2.419828330776797,-0.37126677002952313,-0.5413888769118635,-0.6166078593074484,-0.8289303465428635,-4.734025847212081
-0.05242245649880051,-1.8954381274624525,0.8910831604829301,-4.378338968253938,-0.9858279786825346,-7.150927790684394
-2.8400636369513164,-1.821447387146491,-2.379954215584572,-1.3473042048637818,-0.6239304770356444,-8.327722379098807
-2.059305907232659,-2.7233323441895285,0.6628825035974355,-3.5314552165285216,-0.4297247070243637,-8.118935027655015
-0.5922486426942415,0.5680031607349809,-2.621535488361247,-4.277444593355293,-3.267237290311942,-10.353476157092215
-2.9194475704739213,-2.8264123974444297,0.14661851761148892,-3.7147790038539243,-4.356646258548624,-13.662542258186214
-2.425133413270653,-1.1191217301795016,-3.456030874897096,-1.5989576810452908,-4.810182597526733,-13.122614082464796
-0.4654819002884967,-0.9145486101064737,-1.616599083250187,-3.3373409908409215,-2.632358359785451,-9.72420810938872
-2.9407648260037074,-0.2326751877062394,0.4683158917938979,-0.8796639583553736,-2.3363058987856773,-5.637095888042814
-0.6241914140334854,-2.641202129819905,-3.0815576591152833,-1.6558750739627937,0.34828199148267025,-7.843201475365843
-4.673160451678186,-0.09329912084870529,-2.2186930431345306,0.3499391590397156,-0.09913516238683062,-6.71631662852236
-1.2217197455135973,0.936155724633652,-3.431747786454504,-2.798713917231139,0.14658645346821686,-5.884817264037834
