1.519694154752135,2.8003127224332447,-2.7255410633164323,-1.716367775942512,3.6565600363817587,-106.98952302960683
-4.900291116411682,-4.219108361182352,-1.9736370775318557,-1.6607282305909687,2.6719137188434523,14.021950092611043
-1.9443124955510873,4.656841588705243,-4.897108888256588,-0.34103758630607395,-0.0765924819507493,126.16776908671214
-2.9833345757972896,0.43858073037801937,-3.667890402408329,-3.606465155491784,0.4820823535900498,-95.43699650616075
1.0854912852997698,-4.348016014483941,-3.4559718575437204,-4.225270303380695,4.229499308732818,11.770871135604267
-4.060159852904909,2.7511773151844663,4.91269607600813,-4.537891686874933,-3.626921119097357,87.86703529175857
-1.6415860218620457,0.7300896723116876,4.783351402571009,2.0013719501675915,-4.395195869848222,68.77056783603287
-4.007334983390857,-4.759099726382509,0.1193650398959818,3.7956320238661228,-2.081985327694593,21.532105317316322
1.0594027032452829,-4.440569544128357,-2.7299121346454633,1.8322624925159268,-2.827186531059813,-73.76934072305747
4.46804505806848,4.51781396405654,-1.0026268351602283,-1.717676399420447,-3.4018920652878992,39.550725806177205
-3.8133466401488816,-1.450836923876102,-0.7971251472298757,0.06195330509740238,-4.638217501258878,2.037314475877121
1.1953671122871388,-1.6721179173656209,1.4253403172839558,2.1711167459464074,-1.6682724188011933,-84.61411651376454
1.7661076794369688,-1.2385061599831104,-3.088658247659718,-4.9748336051921935,0.44579109783179405,26.703031963938454
-3.4984404422937656,0.8275600305968736,4.554805681857436,1.2397078761181914,-2.098161584456353,-13.462146051565934
1.724910689856216,-2.1259696194801716,3.5312619659321633,1.8776022290291037,0.28026803720277904,-76.40125692530253
3.643664636514064,0.5809540641020767,1.2855254833146281,3.2820815165803303,-4.142715652891246,-39.22637874938349
2.408017074266845,1.4426414303916202,-0.50154561413345,0.4883032349838867,0.15364265391885734,-37.95859282774901
-4.42009583789987,-3.3881580527462587,-0.37237412322212915,4.228889660977867,1.0391767899161666,10.079488560019229
-0.42830338980307303,4.385449347177163,0.07429238956642159,-2.7942361853871525,1.4983599176441729,-11.327183829948487
4.973762723208713,2.5277060921890113,0.5614566282354012,-1.5139264024969434,-4.264746999219713,84.27885553266182
1.7147480581375856,4.317118846267029,3.381515706535051,2.6053005330739074,-1.4029617699337784,-40.198077576218935
0.4466511718260673,1.4604337141578485,0.29653589555363524,-0.1638059108415355,3.786402945501333,-15.433260281757246
0.6084079540613176,0.7342729111763644,-4.680001973586867,4.473396168193226,-2.1568640768776515,68.07823694635192
-2.790554360951739,3.6504516491401073,-4.074671187579987,-1.8796227194215454,4.468330291009346,-28.840476568167514
3.616946372280834,-1.0680869347672308,2.6281265848322306,4.476972787416239,-1.3518336834839206,-11.200427423539693
-4.730962270798582,-3.269776978644333,-2.24189908176877,-0.3994546637126719,-2.52110596723496,-50.03385327505593
-3.0918362882272388,2.51485586126316,-3.7994873405563965,-4.127903235112496,1.159768752105541,-92.69528673315997
-2.360871963922777,-4.357756868850027,-2.9371623082433507,3.1505287167562113,-2.291513127209701,-112.76344362911578
0.5311541115964813,1.780224635961667,1.7343782915889374,-0.031596214783537135,2.9386826547471303,-57.03331666552674
-1.064384330991305,2.833258630816511,0.8455136192161685,3.4103117740069226,-2.025517622600762,-85.90468565994037
3.0460446827939833,-0.22148323564883032,0.47841991430227626,-4.312884808932301,3.345587059713683,-30.22516480101884
0.6396771872267522,4.1900070040448085,-1.1705462067558314,-1.7003098841820585,4.669489871147581,60.974272638502626
-3.8940062485832714,-3.594483128359456,2.0541946491343763,3.5118603176959144,-1.075687583973627,-89.49340578183036
-0.6541783424225711,-3.227509432382715,4.6882751488026475,-1.0301875300997363,3.9227214088966065,29.8525552444446
2.574865586313379,-1.9024828710625497,-0.2536587454730661,-2.2119249856167134,-1.9415677122287445,-113.60052948773986
-2.7316154393198087,-1.7856721237580286,-2.570046573149831,2.8760503936244683,-0.5415335022685213,-128.77051420869387
-2.6654668200818197,-2.92719564297075,-1.2562663029978296,-0.47035726713308446,2.4561269637824337,-118.95603017975512
-1.0671604439358129,-4.119500907544457,2.5959662957641685,-3.451320364387879,-1.1504655644962805,-83.37208926483062
1.5749715830264597,4.589706411117753,3.830675079185431,-3.2857867506547853,-2.194365566035895,-16.888177652115612
-3.1497045588434505,-3.9350308913779086,-2.0515637414478602,3.431480978294804,3.3859381265585586,-114.79653742233835
-4.748545030059864,2.9733693743948253,-4.496231367749455,1.3388927290471049,-1.0821680207704154,48.43768088076009
-4.774667385438001,1.9308933527767707,4.311721358785693,1.0213505893000372,1.6444944176623029,63.66798396695236
-3.8028487788081744,-3.560031097560241,-4.540171056396128,-1.7351050744146654,1.3767882571677088,-47.92254114116588
4.0991651248406935,1.440691443031863,-4.168326139374429,4.806695307811514,3.777038553464717,98.91490311745412
-0.848979947546078,-1.214582198890727,-0.22609491952899852,-1.5292881307679593,1.9834851785144636,-61.4494670611269
-0.8115767118425952,4.781249195766204,0.7439577882230974,3.481068535593529,-0.9304240674351929,56.74323132188119
-2.2777508481595565,-1.2337097048603285,-2.847771650657501,-1.8285827489083095,-1.4564842598441485,-130.65195182636214
2.9876579935336602,-1.2609115008145864,2.544922629450724,4.845499322105898,-3.7426265266681327,13.861542842039132
2.2218854799552705,-2.2618744941473325,3.088951783017915,0.4273693567169925,2.1449164840180233,-98.86475559967893
-2.9391316536378973,0.30367042474163863,-3.34828642883969,0.7841514380855594,-3.263903352888846,-114.54914584770572
4.341723342318064,4.78891099659824,-3.019129397673729,-3.0586187436075605,1.3156093649076457,42.14048258726378
3.9011595275587183,1.4097209957742818,0.8606403645546221,-3.512013290788085,4.434113398400992,6.467667349632256
-4.268598047727277,-2.8133307053577905,2.9707697552096226,3.368534929684717,-2.3942857548616967,-107.77218198039418
4.228903965765884,-0.2881166291163737,-4.977083397028506,-2.40445809831182,-4.152928488780439,87.48363372857817
-0.07045798725798846,-0.917482501469518,3.339180891410349,4.1216194821077785,-4.499636146637301,22.566746240024397
3.7880337211151875,-1.646166478387352,-2.2755978941173174,-2.299420986077285,-1.8366410273136546,-118.60015989299377
-2.7032274642705376,2.408594119524233,-4.867284711099092,4.984968811987724,1.8398887222752167,122.55643627905428
1.9669688233944713,1.2207788581105294,-2.604956121345652,4.408425981255565,1.4995942566763665,-31.16216989641647
0.768085924045554,-1.7609577406491694,4.911668150777569,-1.6235485537484715,0.5200756332602552,61.469413731543945
4.300167027849284,-3.843462941636009,-2.499275119084853,-1.7558625138560569,3.042779933521043,-69.7209131532752
-0.375461646875177,4.150782871951833,2.466269485262927,0.9475238942220816,2.609408614339462,-33.8853372533773
-1.7530058768545196,-0.6726274397295908,-1.6178316555694239,4.767745919922259,3.783147710230894,35.053430516449644
-1.4445555981764735,-3.965768522756883,-3.728642989491029,-0.734788451672955,4.64569444392364,11.225626996949472
-0.2937887507753736,0.5661192648329898,1.4909864732564504,2.7601858387866436,3.6858965975512774,-46.06157271328306
-4.83603782970106,2.7930428753929117,2.3054082790312345,-2.0797337679685657,-3.519133834894712,-35.52381171522417
-2.839649347736415,4.139998778990314,1.1670991873913774,4.835191562331797,-3.3112521669320296,35.88158077440646
4.970699917163241,-2.3636354455952704,0.4700463986496999,3.935975158346544,-4.547493385511837,127.86617394352878
0.1116211199633863,-0.5201710056905231,4.267034161014086,2.3529952494421718,-4.497830986436256,36.29515290251201
4.813401787069569,4.778243909803599,0.6970564422705952,1.5364629668620147,1.5710885407023554,157.97455234815143
-4.553815277830978,-3.8621543863468224,-4.737462816271673,0.05045426805001263,4.28307733564273,112.56438580680538
1.0373758046762713,2.3225553832391963,2.6536179621481395,0.6409906143085653,2.68292898772982,-80.04253308263503
4.7753933940049915,2.915725775646658,4.750440271874581,-4.825127177736491,-4.703635920489958,279.1976061851891
-0.7655316733352269,4.323626198785529,-0.9378447497454045,-1.3194358874972423,3.400809556343111,-11.853482780052332
-2.255591147686251,-4.859639754288149,1.4631241648050732,-3.511734453065368,0.7756431633948315,-1.1700861521906198
-4.108771339240569,0.11161930831581035,-2.579318902716982,0.37677503029025505,1.4144894873665557,-51.15665842341131
-3.6001468658411637,-4.901845551772058,4.1431547263602315,-4.995204987884191,-3.624321644537245,147.0587929808264
4.094424823666561,3.2180476212515785,0.3919376295967645,-2.7302964476904092,3.7737692701093533,-46.35840904373778
-0.584596367977972,4.987624392182836,4.148470833825872,3.3829819381537725,1.3783505902460362,112.3559682785955
-0.25823551684969814,2.167580980236931,0.3567028847733429,3.0015778619216924,-2.1556938490906754,-78.62590726010963
1.9162339052761528,3.845930354260286,-2.9221350442589324,4.836808550512032,3.147298866877305,20.097305461058045
4.085734481269819,-2.263318144675469,-1.9155617177118431,1.1060251041790101,-3.20913746414024,-88.89763593001622
4.750507729954471,4.226691202925492,-4.726345617799376,1.1685392190213175,-1.094023709610764,153.82332339970864
0.14870680480601273,-3.719112783622378,4.137758209374056,-1.706740980791146,-1.243743936552506,-41.65886581899387
0.4073948565583141,-3.3965387759669685,-2.3330708357712213,4.486514217975502,-0.2023462747045599,-17.881277718069803
2.6483235596028756,4.635644679426713,-0.44252002505998345,1.7981306359789233,2.468804329597191,3.3920138948659253
0.8792227179496539,-1.947840633878808,-3.08590083686461,-1.855097626454394,-2.00158956497386,-125.37857740386039
-4.92553522554674,-0.8308428687938925,-4.011825925218514,1.4757389252590265,-2.9560939195063005,20.62542298102015
0.06776942528585206,2.95453296022305,1.720204296929567,4.4785806246649535,4.081525522154713,27.308695491787027
-2.2404806057679147,-2.9864478048383445,-4.042630203245675,0.016240068392382234,2.576302151376683,-104.33073919256279
-1.2672645177154562,2.8165222107330763,-2.0284524722340915,2.4019963455856184,-0.7845884870113125,-99.87699054003694
1.118153941526959,3.9146654897567874,3.221940857884608,4.48300628884418,-3.3427824826071593,-5.733900135229526
-2.7419030269583446,2.5014755534746067,-3.9281727106473383,1.1658085226916812,1.395979062708621,-94.72073561270147
-1.0400676525956518,-3.1865926133232425,4.238337959159457,4.9037506190654145,1.339006800649103,79.57777240868987
3.347437214605124,-4.720352573598819,-2.5351235024628593,1.748749704546765,0.7560895287603309,-15.133171922376139
-0.5053237906260888,-3.91445332927408,1.0215254474002773,-1.7317273105136088,-4.346944269018239,-30.312824942416555
-4.852341163888397,-4.949097892713784,-4.175307436595363,-1.0929665913406552,3.4749540631201974,144.1899196510466
0.7800886427460485,-3.3159964217783644,3.4684058216574147,-2.068727296111157,4.440019420146678,-36.47986790869025
1.1114267145038825,-3.5032670955828182,0.5276865427037638,3.7955725693019122,0.8929935171009014,-45.01544907303357
0.6881535103940308,0.45046323836823277,-2.97255642772524,1.9968555119695575,-2.114843285038217,-91.1492496168958
3.1454414732648353,-0.13266969440089849,-4.658802862390045,-0.8041136620238198,2.0478652084095703,-0.6617505003973292
-2.624902170191464,-4.50155724055421,1.9391845032342978,2.4938074056135706,-2.5600430314856015,-85.71238051441443
-2.2761970212934513,1.1280373918404951,4.627206025588075,-0.713157625229007,-4.083434551921528,17.517395237098743
1.2820419215797019,3.7141281051473545,-2.3551979935446345,0.293603151412988,-3.9336667549847473,-62.97978190875464
-0.2614722516955501,-0.7779800192014319,-3.4071535444265475,1.5563666647078769,4.434946693843022,-7.112136841237543
3.6955502599319416,-0.748705098755682,1.2576712134535661,4.622953263479747,0.5929506463224286,46.52688787299221
0.9863801487197978,-0.4160640602054668,3.023689484716666,4.967676674752896,-0.062099422322718034,88.06063078282054
3.6632405321223196,3.782687200569443,2.6369763003909474,-0.0018371797201668372,4.0680993587859415,-20.86759290215823
-0.35819141146774847,3.694684305807476,1.4651244369044045,-1.3545893065823842,-2.1556929060696604,-68.5403786602923
1.6344042868187225,1.7408246582609213,-3.309882487680569,1.4795095922073784,-3.143108289352121,-114.13398811870664
-4.077409615689938,-1.1872919516824485,4.959971732021197,4.041452658271647,-1.190619119173082,99.95241313456454
-0.5476036897064054,1.695615222716862,-0.8038507087605282,3.62448315112756,-4.645861041457446,12.502637344467264
-4.776114371467043,-3.1635414450627,1.399531017879819,2.649817658466702,0.15473208881642897,-7.117281322558272
-1.107366397469285,-2.173549801291502,-1.636945289252659,-2.3975248834959384,3.149727583145653,-124.24836618762046
3.962615298509869,4.081910807530434,-3.743088794052487,-3.0517210306585096,-2.312778164628196,-72.2051436824226
-2.155521655992758,-1.293833791319139,-0.17809073673068188,2.320903513475221,-2.4411572438861406,-106.5561754134558
-1.9225907220369178,-4.70387151606446,3.99959690358725,2.082913564264196,-2.435943294151314,-18.177783006526592
-2.0929820138741153,4.65764271000301,-0.8691583870394552,1.7692502349928638,-2.482843260204375,-17.576899073282014
1.481760643324633,4.840628767398549,0.33298178051276395,3.175530382082256,3.3807669100732163,47.97449109718453
-4.9219376388945975,-3.6109275635964444,-3.9585179338346177,1.4377661816542222,4.171303289443403,57.697457899908436
-4.349810711501727,4.616715564287587,3.2315948480774583,-1.3872224248428933,4.824707714138318,143.08014966622892
1.3604963514415624,-3.7478379789154994,-3.796404847228765,3.2729268539994685,4.2103457222969585,-47.866660661237326
-1.2128979166180298,1.0982338346744775,-4.838510396675675,0.8186803074964244,-1.161447848006536,37.93988075177388
-2.8372284630607703,3.923043366491452,-3.6518331373769253,2.69015205965455,3.7095708836295778,-92.72213690472225
2.745614604174742,-3.962402921494559,2.922064052516438,2.348269266770462,2.7786260204739763,-110.61919536513358
4.991205172051702,1.5644087398149376,1.3427695836577467,0.19734141968703867,-3.543686665887603,71.71183577428751
0.2134071140406233,0.4233336877514873,1.1170040068784086,-4.808634558595739,3.1259732296022342,41.94251564171126
2.306966998292155,-0.1416178199763536,-4.837695466284543,1.9035446703407368,-1.7406725487718342,8.955904336922003
1.2937791814257036,-0.13315598279359975,2.9737281212951867,2.2287326386783786,0.77322553197879,-57.76979709500105
-0.43752025059781907,2.7505937602329933,-3.8514394177269127,-4.424033726197707,4.059824538236484,-7.50412905309845
4.47061285446299,2.5032804625654803,-0.3582851430925782,-4.372697188069443,-4.790698235186022,111.26420185421087
3.4821253969710018,2.8615161522133947,-0.5303676148857583,-1.739881245769653,2.4768763157155282,-91.90408798138789
4.9151217406812435,0.9648645144324144,3.3130188270649015,1.770345195926594,-4.5536629004381215,109.22745922947662
2.529424541383804,-2.041806950939209,-0.8336233558267452,1.9588579881153034,2.799611953041838,-104.64474849839543
0.06824363338836292,-3.5868937588716276,-2.8084365534418,-1.6332932756676275,4.673305901265859,-14.486714998552756
-3.858189735015618,-0.9420677816837966,1.4343786325704633,3.834052542337105,-2.0955639395145784,-69.19532522275675
-1.6788032449446488,0.7257398588786312,-1.9139560330546654,-0.9224713155864581,-4.6039109023995906,-17.512907532430415
-0.5536381184578865,1.4669597107625787,4.302026316062978,-2.7771430072034176,-4.413066292632334,1.9444002252927546
-0.9048316929745459,3.4242521191653967,4.966202964283662,4.1046601518457635,0.45300870511972047,111.92282659444288
-2.949705998944341,-4.796341009185951,1.1948282267631738,-4.8919003756738,1.1536714515981217,98.94906749835815
-3.315732064872555,-2.4124120203158403,-4.990032535418429,4.35657574010364,3.545215506483949,53.61197932365414
-2.047837556579638,3.1050587488825325,-3.0380330005382827,0.7296388159684719,-2.30320289883403,-128.48956389100022
-0.9513241168325823,-4.836142110845403,4.707768246337876,3.439010926964956,0.15446791198741927,128.50441196859964
2.119821692751241,-0.3887448282298811,-2.9160799321171194,0.6409857785891457,-3.866383695528377,-80.53133699218199
4.331744194522679,1.269982776331969,3.669838718792205,2.8032333386494335,2.978506808174089,-29.072628559830807
-3.4648080574411533,1.3483725522716226,4.152448791947672,0.2742794018127199,-2.6900876059516463,-60.12786596511597
2.3579384868662974,-4.608945557434812,-4.641731884322439,3.3744491558656016,-0.9656334072818007,41.62877565552175
0.5437547137081298,-2.826881238230834,-1.9374044596026971,-3.8796172084700387,2.6687055668610418,-109.15758820617675
3.785359619158168,-1.9806265928925249,-0.3908084522667501,1.9849628596410431,1.903946491955927,-68.88043117189649
-0.2399956148072242,-0.9562132183614587,-1.9762986630186328,1.1593729330553737,-2.5278789416223724,-82.27728445368287
-0.4876648891839537,-2.50185925190066,-2.16687307268061,-3.549509598599135,-1.1850923275877578,-115.59513398003023
4.52977732772483,-4.688597121224543,3.673537869201235,-2.2553837957215106,-2.5202449691023743,33.155887794264345
-0.9307429652346952,-2.841713381304034,3.727941792012656,0.8094929378468123,3.6789941697368143,-64.88303052362227
-1.6952375249221117,-4.64730259681458,-4.312595100437057,-4.218160824049817,-0.2127841330807101,43.2903858521962
2.96113082850178,-3.793325823766839,-3.990080920458973,2.43145677995365,4.865896032755828,23.843274042267613
-4.431828871213095,3.45201409973693,0.7668025622800831,-1.6572464618691782,4.375360629940975,25.390444790463235
-1.921344975562941,0.19698083119612164,-1.1962962753912274,1.7735544168084338,-0.745296298420822,-62.105808426515196
0.623545647038628,-2.3143212527755463,4.10182648748523,4.831925337428006,-1.5947926976092894,57.388650006631046
1.465920220485625,4.907053767373014,3.1950719577775644,-2.3474069695134303,3.464017908345088,26.90777889894671
-3.932386684003558,4.315298685530424,-0.07346854338668862,-2.697786266987939,3.8263788613559573,-18.032169523499576
-0.17514867292098746,-4.253949884186936,3.5900161392151038,2.912902219919591,-0.8408571980013901,-35.36981538625508
-4.297688711781729,-3.7174419358282607,-1.499817737775465,-0.9479640932567914,1.528407259941753,-53.582641185048125
1.9077370510001144,4.039725608319989,0.3627399821020596,-0.015181230653428024,-0.2101729171192499,-5.877940483716659
1.510875470483822,-2.6933604229821686,-2.0425944129073272,-2.053765978547204,3.734675297758381,-115.63373484167826
0.6758726607574816,-2.2701996656769863,-2.3466962014664485,4.891732567826367,-0.43245921923462305,33.39612164079371
1.803622600588084,-3.7659699714094574,-2.8153153501417205,2.65157510752325,2.77147397333942,-127.30575724099344
-1.6627745747727785,3.2989821249324933,-3.5048752944344344,4.729908951416451,1.535673327430711,-3.3029395893736124
2.4160701387128363,2.281014971429026,4.0386165804402925,4.36717577057405,2.045057199053214,-12.404286879743134
3.7852782259522204,0.9056895362939663,-2.520332415873315,-2.72735474718366,-2.2224021818525417,-115.22142157658102
3.3433835965431804,-1.476915699604123,0.41393918524004114,-2.7959874648786287,2.0575514749193555,-96.82671867818226
4.233967328424651,-1.7896669611304628,-2.4226598795249754,-3.1746426051642707,-1.4235809578121161,-89.42703990894513
1.979675799508902,-1.3572082504746108,1.2218155727650881,-3.840699074723436,4.615585398121182,6.351341285545052
0.9348017410741498,-0.3244628024080045,-3.171893186383353,2.5584958705738856,-1.7761803950591606,-93.16750708356166
-4.2513630788805115,3.7245128550604374,0.30733675724994214,-2.1098853452282396,-0.30746781400169887,-29.52801094053208
3.273551500261103,1.9047444562441873,-2.1582566807853345,1.816397115356593,-4.009438447396861,-95.49479355787074
2.3364885559374162,1.1885100431235829,-4.134879103981372,3.59319958987421,-1.7774208497222235,-66.91394043136249
-3.5681033414139574,3.3489378794945033,-1.6265901644643743,-3.0228898243413505,1.2250540492162045,-116.7797730101475
1.5538816753919535,4.320776875766427,2.853229199759454,-1.3129857543442913,0.6082768420851803,-18.746064184534635
2.2881794130766213,-4.917179587492004,-4.452689893780422,3.175886520932522,3.7145726037248785,63.19712969453084
0.01400404003819311,-1.6030369718382573,3.8455126007792035,-1.4022458261990325,2.7783700596766785,-61.670895864947525
-2.3680323725118324,-1.0609630994715147,0.8297735958899448,-3.003112127475026,-0.0060696082655153916,-87.86610530840348
4.872460300952676,2.2389962360482105,3.511140389916239,-0.1238841362261418,-3.5707497934118604,37.897255856205526
-3.474238282660882,-3.20897649421483,1.2438550644072954,2.0081774825606082,1.094635574002858,-103.75384480116739
-1.5275830726797999,1.5706538820667815,2.391317959815612,-1.8379854590645506,-2.310659987124748,-116.04596290593737
-1.8900282296738768,3.8266025984585585,0.7356361063442645,-3.694207387067542,-4.12076821728491,-56.29972389379802
4.304295976683521,2.289055487563364,-1.427611314367172,-2.972395002023979,-2.125783407941012,-75.63890947528877
-4.6218965765941,-4.986148332260103,-3.0206339232446044,-2.3103202527360622,0.8752984644182362,66.60871512791842
1.7870732893400545,-1.0886888187903399,1.2695943183271883,-1.318207041249658,0.25275978005602795,-51.48676818400858
-1.5172906266823705,4.590052089546981,0.044226259752423225,-0.25768788409673604,3.6974241093450626,38.45734495204796
3.8147353939700466,2.515612924170992,-1.3771590112584753,-2.077097264398523,-1.8029535081805248,-97.06548962262474
-0.5035134647284547,4.794717522591595,-2.3106840417422756,2.1445402534478353,-4.510460135142745,67.46817720828362
-0.4266494467480966,-3.1488032695138504,4.2119316882853255,-3.9608110838608357,3.8715286092782026,-24.392078936488534
1.1823185342492835,-3.134110115988001,0.01338755499372013,-1.9403774414083963,-1.8895968255663433,-100.3360330781069
-1.6349182478999036,-2.601163163167185,-0.908808920755801,-1.8714974425863162,0.6455750382720478,-95.85793851664106
-4.339024563392422,3.2267069941872943,-1.9026009485318207,-1.0288642031247655,-0.2647977145858782,-43.73022633205173
-3.1528734018706004,1.0372602248505647,1.3645805098772303,1.604984925756706,4.073524656198423,-51.9065227789002
-0.20549499196282373,3.096776252992969,-2.5536430329103044,-1.747149211976394,-3.6414748837348823,-112.7143042823912
1.2311842960673358,4.052664934757088,-3.859505072374776,-1.252444624975133,-0.6696633379072008,-32.62812652922949
-4.098001106725462,-0.09632820684674304,4.081256925222355,2.990894101310337,-0.045028688320182475,-12.877094409052361
3.3010513682633444,3.2029487057364,2.0221916585733855,2.3578804859377342,2.815124637864905,-107.86687519518478
3.636402728807047,4.623235403250906,-0.061690803051747345,-1.5185304017379297,-2.323907143991193,5.251107194036044
4.548538230664985,0.8648595372166179,-2.904009056964857,4.120189778335595,-0.7500734364883099,29.188092792669668
1.8754663585012699,0.4338669150860692,2.669300093337971,-4.265708850633505,-0.9725749184122137,-43.69469343206899
-1.898193569002081,-0.6966015248681874,0.2170524785742609,4.731895168969514,-3.5046542595448074,20.011269705201013
1.6996168385106714,-4.65921273824876,0.9044934512154432,1.890366597348656,1.335224912337094,5.950852037419258
-1.895094379712111,-0.2660058893309518,4.609093232926661,-2.3621567751356984,-2.4904620485126694,-32.19063008420051
-0.83798421637713,0.09291488069291276,-3.7393050250665127,4.091837598214234,-0.9868635690654202,-23.8032925396957
2.9071117957292607,-2.3137367726299383,1.946891932479975,4.509277586313221,3.9964272131620664,-12.087056855289292
4.027459219921441,-1.7924737129478485,-1.2551475089002926,2.758080083160097,-1.315649357680818,-67.868444210108
-4.1921177989226575,2.202968390326908,-0.5577829555313869,1.1155954159075794,-2.4033423076165805,-63.980780424628456
1.733148744933592,3.5649188614268006,1.355675593484623,4.08169698807956,-0.8330842600172597,-28.195129423258656
0.6528673858960872,-2.4349578907581693,4.6741654857153065,2.739922660126232,-3.0422179853234566,-26.541663707897914
4.981775382697819,1.669806071630143,3.2294423524256324,-0.49960482206670687,-0.11617458485833687,82.16930830816833
0.6356171134458286,4.724459037433128,-3.799660984189602,-0.8414420938106959,3.7587277153102097,49.129832177738294
4.878083046743564,3.413156336060837,-3.8663154967076485,-2.189180060654653,0.4161903313173685,38.833019707681174
4.071198404781317,-2.2827842903078555,-4.075264586461561,-0.24844075186223247,4.068481280813895,-10.94445563617726
-2.861764775856269,0.035524975683420834,-3.7722626529202796,-1.1777459075054675,-1.914780637123339,-101.71194997824091
-0.46374703426459885,4.511246401909768,-0.48270070678022137,1.4965517767714012,0.42274850061280045,37.78543690430895
-1.0879555660830862,0.4645024985724415,-2.1797983916778794,0.4691498857758649,1.7944190983005983,-61.12445843616279
3.5482697001410806,4.381101599643408,4.381706472520117,2.6523241491102016,2.02186406024126,26.213374040187283
1.331460780841887,2.8242248262707657,-0.00812716753072884,2.0893277297023536,-2.845871028871625,-92.36865295405772
-2.5375631395736864,-4.790435782695761,4.213372369130525,-3.341364086974352,2.4323628599387392,-2.7651636882335335
-4.341453887396439,1.7963057829766038,0.09267137969493433,0.7969855051662114,0.3727384351012839,-2.5407739719665363
-2.888682953607864,-2.279032557067305,3.0140720252532844,3.568255952239509,-4.785374825576359,-41.099626040507346
0.4840529594159735,-4.78292611513376,-0.3180734510376526,-3.820888732689083,-3.1843620836900968,7.167318528611566
2.122052734946223,2.3168578238877204,2.1053678841845276,0.3746519261343053,4.843225925813938,35.56865003732023
-0.09949583867004641,0.7463568166385661,-1.9827612745592416,2.877020385742547,-1.263552956711369,-70.0112794336226
-2.7390271583782844,3.169178770219764,-0.1924160187567221,0.7898267990114727,2.6432936532351654,-88.95181348267397
-1.659820506622669,2.481955838777994,-0.7051025736995573,1.8781837918136954,-0.911482353506444,-78.30005907188455
-4.16850709364116,-3.071079350431555,1.1449815552273392,0.8101181114533755,-3.999645017354748,-57.15379841623477
0.12582114677016332,1.801751321542806,-0.45524619520441334,1.196338450792231,-1.4211132982109245,-43.06196003178612
-2.1590887247496457,4.942862340016589,2.6972892465171716,-0.22318629929456968,4.9487028924270575,172.75934672285015
0.22844008423613804,-1.1805017941476303,2.027899985144619,-2.384865282742629,-3.166908335485478,-105.69608987654988
0.33645524836566576,3.008114454476468,-0.7675254371072606,2.935408878545803,-2.962221401856824,-94.23061827971978
0.17662340708232271,-2.2407428656289863,3.339789021345048,0.6039582998450133,0.4775159685789099,-54.57170366560141
2.4061972445123203,-1.30399981168267,2.621576101389347,-0.9336790373282966,2.983555553237263,-96.34329798366024
3.5463303902118444,-3.214391702816819,-0.8109174865030768,-3.709255984586034,-3.1626304195931976,-118.93642567431084
0.694388278880286,-2.0075124180756063,3.916802702640908,-0.18372981545564127,1.334713500550948,-35.74438894194893
3.5491910706773986,-2.242753809245311,-0.5017503583951202,-3.2401998874997417,-4.343947030477706,-68.56802369654886
-3.0345452983043497,1.1325974873702185,-3.9456318553757974,0.2218935309229506,1.0589325572588333,-64.80234596923884
2.2470904563842815,3.2807580103335496,0.8821044385114893,-0.46252509324179325,0.9950006147198955,-53.607729171643655
-0.7100612411385496,-2.8807810829596683,3.588794238363457,-1.6247887696209675,-2.3668450038714504,-111.65990190841909
3.4238723432209692,3.781808053235297,-1.5056489230247196,4.705603571173265,1.54036363372796,28.366118511358813
-1.283744098542099,3.2626056024062287,-1.9167623383911883,1.313347383742717,-3.15854374607333,-110.31761408802583
1.3262444765024402,1.585506799407339,-4.567588240770589,2.917689486564134,2.7532672563946283,-32.667236419592854
3.104086466889008,-0.4584701684275547,-1.2577573390692711,2.7249177963912965,0.3180387261918298,-65.71560696432354
4.69380191494913,2.5483640115962105,-3.472976110248168,0.008918414629257576,-3.7896750153940726,-0.9527900703466102
2.2933145737431655,-2.1255839355202797,2.785239540246608,-1.437932861062209,-4.687087648113898,-43.22012140906865
2.5819345989314737,0.28777208394373677,4.962532043240355,2.7298713741999068,4.1202292200737105,87.32981547541601
-4.346458709533806,2.1607953490759035,-3.891459653788064,1.65830646227473,1.8065714994961235,-51.11598892362551
-1.5345314386836053,-0.6570701031504704,3.8829134976344744,1.5763924666942497,2.6513919961033405,-60.03092480141626
3.1537015232857684,1.6299791411521642,-0.0072626246777494075,-3.70736550089657,2.613438890622054,-86.21475219133427
2.205540675936507,-4.86015981297684,4.603252966107711,3.102548933851411,1.9696253649523499,82.23968742982436
-2.4588592543082166,2.565553368004614,-3.394657186930913,-3.957710652284412,0.10863182714484498,-106.68308873899505
-1.7634825716279146,-4.002893448810695,0.17883411077353983,0.7977013743848671,0.9443174783549146,-42.38720081325085
1.9587065804790207,-4.746988222743282,0.7193034244843517,3.3972271876255924,-1.7188497900803847,0.30955864690994467
-4.866754011457259,0.7867476881379201,0.2049301586778025,2.784565805731053,1.7675557804961395,34.603502487955375
1.2504070715632567,2.37685236862355,-1.8224952143862083,1.1907739870189538,-3.318351741837052,-99.27601628606777
-4.179859011338757,4.473791402891706,0.0899290259758807,-3.148536208146675,0.2508120384232795,14.862186909932989
1.4878219216029889,0.1429116784170068,0.00031313614982764193,4.2811831389956705,4.891818570249203,127.01283695139412
-3.7281957125444753,-4.602518494141146,3.8728862539801128,-2.3319313407329387,-2.539088552778516,-49.95072510244163
-0.33075341725060703,-3.3423517429814398,-1.8411982663840432,0.33986823424147694,4.912123537082708,46.717387321712955
-0.42472428726832323,-1.3758531748086456,1.0461086016497365,2.7335983687555245,-0.06491462265864367,-50.53625822008268
2.2122685799327,0.5686615275390716,-1.6125314776534116,-3.023779928190664,0.5751595366970843,-85.1113645882181
-4.116023216477677,-4.579932871375579,4.421063205142117,3.5150366769752157,-2.429845404502786,34.75434938561479
0.5699909673043724,-4.288599395321498,4.558180808989155,-1.1316050345809145,0.011315341233304466,59.026316874379475
0.3769502176376278,3.482226262930009,-4.849080442469461,-4.723999552785681,-1.915833433155616,92.97776199168312
-3.777181796466441,0.3680423343444996,-4.734106506452333,-0.14306096721041328,-4.053320675789608,30.867602482928707
-0.304922811373026,-3.9249472736641886,0.35966557490784545,-0.865885638637355,-0.9308079489409105,-32.82299150516386
-2.58320801580882,-3.331292916873193,-1.2847400860805247,2.7303680937733947,-0.1512602719063496,-113.54144551203235
3.514898195865314,2.4946928260673387,1.5167753424270112,3.6777119382350616,-1.5561817015716106,-77.72891187683862
-3.043585903126181,0.03483945582367198,-1.8963329320694235,3.0079143248500078,-1.3031127402919482,-105.18954149251427
0.42747174950159117,-3.2740530779754162,-4.583077258426639,0.031103259337808886,-0.27673426274397706,2.9602932723101034
-1.3510961039697635,-2.424072232748821,0.681098944272228,0.1637962718109911,1.6411307230241974,-68.36385106026725
2.129650074241461,0.1593400048505096,-3.894567289608087,2.144043776375204,2.766829127412044,-82.70868653987645
4.63133182039366,1.1559014034952977,-0.7872214838545357,2.457525912218145,2.009537680262701,12.735686140833778
-2.119628650410794,-1.4404930030845033,-3.7553108922218814,-0.2730677222167168,3.845056801389262,-72.87914506799085
-2.3754973289886285,1.2677770277777007,3.2149866075834517,4.073143507219742,1.2536357222541819,-57.43762155390038
-3.4133628828709552,-3.3571172426961837,-3.4724467710104,-4.282593855565922,0.06085152610792921,-90.79239733508177
2.1473306750814913,3.2224378162252503,-0.11927980216322887,3.184953865106399,-4.397839965755193,-42.45218270682881
-0.5221370798060851,-3.4150772095359336,0.8179444664721247,-2.9241374975196397,-3.8823948747859283,-96.35870022535495
2.039495025264798,2.964566044094285,3.460893029200733,-3.0657500021191186,-0.2516338135690743,-99.02596827596248
-2.581576382191174,2.786559523235014,4.692069061917557,-2.133686287263772,1.5160680858494935,-27.39906136203122
4.663146459094719,3.7498213719194613,3.267754599970351,2.2901155072444412,0.9963383523107545,22.6326006322248
0.053679894028814346,-4.576015118368471,-2.805492741374176,1.2475496812506446,3.355849501830928,-26.162994705181724
-0.3435260813647103,-0.39618940405912983,2.8133248040875767,0.2741996344975961,-2.2888176060759555,-63.10924356807373
2.6485456150893345,-2.6200605826356984,2.7167618691038253,-4.080073987915282,-3.108562314380804,-130.860714593016
-4.1959307228922995,-0.4077711486847928,4.047446323016182,2.5193368885107192,2.1289763167369715,-31.703662932369177
0.9401416264439248,2.8590236474716946,1.8792829890160903,3.672103776042686,0.6840172824946649,-55.94954311884093
-2.435713020457176,-3.5529263881602047,-1.7342544023276698,3.2632862316113975,-4.453548762878833,-83.89078276279952
4.903722666094158,0.4429428562871438,-1.5406653869421003,1.2936060307220085,-3.663149857155865,52.92586995452638
-1.014554433401591,4.5130903897399826,3.8195886635302543,-1.6290409958061725,1.6179300205769085,9.604046139920007
-3.8848587566298898,-0.17692658458526722,-4.137445296277763,0.28409887869731243,-0.6926848086885764,-22.730971242248433
-2.5961621668676327,0.364112229313327,2.440806398334252,-2.2644786369856638,-0.9756178717967678,-104.38226110113236
1.5052444771881888,1.7277114985758004,3.2414906387566056,-4.0626925225513455,-2.130351049315035,-84.9527321060408
-3.838681229006926,-1.3601788421065497,4.4035029930255085,-2.8112366164431615,4.385649107824909,10.703060051668274
-2.0072891635201886,0.2221165131118754,1.1177093203278723,-2.2187327735244544,1.799606926975149,-85.03026163094793
0.2506175328762872,-0.767881562326731,-4.6107030632870565,-1.9027848450299145,-2.314344195886685,-23.185093471281625
0.6862847449269447,1.2275664471892966,-4.555557951746145,0.0492667867144263,4.656364021765317,101.43695120939829
-0.6324067126036628,-0.9058110953834939,-1.9069890660426791,-3.0400155984399424,-0.39378417891236506,-81.59276810166828
-1.0533891329229608,4.416388036830533,4.8502133428205045,-1.9028925780264716,-4.941813864999074,198.90989225365465
0.06675961239954198,-3.6164925961976913,3.786874314533648,-2.239820399218153,1.7438253975443283,-78.82193447693517
-3.1097069213052677,3.012337099598394,-3.0146816165851256,4.40538714055303,3.79438410184523,-58.9956971026206
1.6624286000685906,-3.3506013636936083,-1.7940794416492234,3.2951538638653926,1.345803934682543,-103.8976141620019
-1.6156400458759457,-0.1525705020514243,0.49088875596622117,-4.145049356372953,-1.2775382358501632,-38.04012900205724
-4.10192373076502,0.42433534556380614,-4.7390241978825065,-3.287444943989729,-4.4727394468904595,49.46357607279387
-1.0332635120047682,3.9824443592447487,-2.828663566464573,4.006524815367596,-4.866084793926831,48.25106109467123
-0.76389599415789,2.352268518542365,-1.7366412744571735,-4.229858912359543,-0.5963396138214048,-50.35566968674786
3.858345947587541,1.0179769864185921,4.271607847976323,-4.092671560426285,-1.936139001205479,-3.6078572146001164
1.291510523629487,0.9895137123230802,4.715214414567491,2.9586149961989676,-2.9996495934701684,4.236089730420469
-4.812790958923636,2.146347545858875,0.1666894801301435,-2.532724980222972,-0.2046625070822543,13.555950077983857
-4.7377388122173825,3.818702456379924,-3.2548668038096915,1.4359724325891836,-1.7391967220579039,-10.90012264783377
-1.910998336632593,2.6764037330681383,2.3597233919989336,-0.48568050491804815,-4.187573526412418,-76.06592825399262
-0.46939584338770857,-3.4093584407358266,-3.0273600977888693,-1.8423357663906303,1.6273665041961518,-114.78796170855044
4.063645755485599,0.6997589442990657,-2.6679448882515366,2.0025112209881213,1.444236560677754,-56.73441301493727
-2.8489580351977226,2.2051495307534967,1.2044700692640253,1.5520253861151856,2.137550602501854,-101.28067228946027
-4.0655268647887635,4.281443690683846,3.730077475271276,-4.392711462478935,-4.496312627753093,73.41614032308983
1.5666755074428318,0.27870964688489597,-0.7754905164826154,1.64500569699059,2.3911978932963027,-56.51418279659096
0.19359725420982077,0.8995111849578645,4.149861059290243,-4.261497624389187,-0.8876706670809273,16.742237991534473
-4.2695874372584255,-3.1480170359219164,-1.3662015063194333,3.2851762440084915,2.8002193695048465,-90.16206275745068
-4.054925447388106,1.948626477078533,3.9464587827287865,1.8545115071931804,1.3404254552876633,-43.54520873815969
1.1311717560809065,4.557119764952946,-1.6915910637748697,0.18448824719277912,-2.629930175058315,-6.130813775092885
2.4369798855843,-3.5307083793393232,-3.082846777227589,1.5627996749525161,-4.8985803913446615,-22.85777747976881
1.3217706330108028,2.240768435369774,3.3734783017488077,3.772930941674611,1.1351356846650615,-58.7571772658065
4.660023064640884,3.8562294007344953,-4.835793348303401,-3.795908197329135,0.9073678501271134,123.87170588054119
3.905857286751612,0.8758332051053088,-4.774594015584256,0.9282633389593347,2.794193764999738,36.98312291630568
2.074753346138997,0.05249015958210457,-2.5396195735990226,3.176159802119008,-2.144047396770504,-110.59165127916296
-2.961780392537384,-1.2894984185810134,-3.9810137250817212,0.049733650558374976,3.5595130662862644,-77.12798348875967
1.8286008332975392,-3.940411292389938,2.255281754410192,-3.0076732289188013,1.5737832902755153,-104.23287392825996
4.3784418503084,0.9831524183511053,-2.7244224390073213,0.02360077415831885,3.1704437249208812,-23.634664648808304
-4.461863067415349,-4.423070033636083,4.825035946956225,-0.48652978011170234,-1.9861103131928557,115.88832492350669
-1.7029271904945933,3.7615197715406747,-1.0014227669485667,-1.426756504320723,-3.303064434024958,-90.73212706852908
2.132965148952808,0.3737762777900189,2.7556001098779594,4.9233419001169345,0.7178806753166604,64.03116101681181
4.315853687964328,0.5590189292403016,3.627564125814004,-3.1291374589013476,4.607951949728745,53.54731935550718
-0.6016094778958481,-2.269744947800274,-2.965884847685889,1.7171651835463972,-0.24644764411384834,-93.25395767104466
1.844475508788622,-3.5732006648918846,1.265048122069187,-0.9010805111728271,-2.279597487813315,-96.01201857013861
0.36333996322617157,0.09075906366311504,2.368400222766125,-0.7453655510420543,-4.70643067611819,26.73200756292891
-2.6076521597239513,-1.7103798888258148,-1.7665868299921383,-3.7359700248535432,0.9344075571045476,-113.97389219440254
-3.502785804037173,-2.9613246530710837,0.2739739586534604,2.893009148880303,-2.0111564352962508,-124.4780592183672
-3.161368643493274,0.783318312459766,0.43262646033359253,-3.0685134774221643,-0.960569404665355,-89.87386293209423
-1.0812568971792782,-4.878731134594981,-4.647785197300824,-1.564095727816225,1.7061024898894184,83.27383411628722
1.284131251442469,-4.021936372063047,0.9331919802175133,4.9934263994110815,-0.5882393943254005,98.38601427595559
1.028945137936061,-0.736625825507601,-4.011729803579102,1.4678432653637596,-3.807834113175538,-51.70360849559888
2.728673917982296,-3.804211300028614,2.496308140766158,-3.1018041990526024,0.7547187645866789,-111.36189567836414
-2.592892735341313,-0.6390993728255285,4.199419427013284,-0.31090635119506604,-4.203398238618291,-14.78305681876161
-2.066878466781499,2.756016474832366,-2.4080871640791743,-0.9125511460824516,-2.5658680352536303,-136.9499667387492
4.70788095101285,-4.765195795002671,3.485182932619633,-2.777355959785488,1.6450694556657233,77.27575142917082
-1.5196381477776777,-1.2668530934879718,-4.022703547410548,0.8844508001569285,2.7725109762062843,-71.66600790142947
3.1746652364555032,-1.7111043391256309,-0.2577046860086982,3.1278992947247897,-0.6639894500417416,-74.16103375109748
-0.09949904903920359,0.09584892753013818,1.6695976404924648,-4.392292256698821,4.168458449775038,29.191241537298765
4.575020869876919,-4.880552109802654,0.8065822865644421,-3.742248329974962,-1.2119816439502937,103.63195928915167
3.446588736524653,-2.2645804788819,-4.089495786974223,2.2707614004451626,3.9624209933737014,-68.50453847126211
-1.667833133983565,-2.195618541697988,-3.6640485956756352,-4.073683474840495,0.5532070493882193,-88.57781697798225
3.23553229618042,-1.000485282560918,3.26669118353065,3.4416998662624394,-1.237413976512931,-81.3072967176774
-1.0835633919475418,4.036094914164648,-4.443093561029984,-3.0797990702348113,-4.747790604833924,49.30564732427276
-0.34691726206822615,-1.933995273128323,2.477697294846707,-2.5128605989462107,-4.760760798984425,-27.204882933440746
-1.9365185607920554,3.379641423131872,-4.730859175185609,-2.211893376263471,-4.882416937548577,62.54464579393272
4.230045742818742,-3.2636547361111545,-1.015654331700774,-1.825742751757573,-2.415508481728593,-80.69335029201562
-0.9579994351736083,1.08925379125923,1.312472566254847,-0.46732165367108003,4.509287234717426,29.42223467143184
1.2866697422395532,4.491020014438801,-1.2380313631750606,-1.0509982272007132,4.3286775650776494,55.92446651306047
-3.2296757969613976,1.4649488149225913,2.5142093641924124,1.8730414188737736,4.525536005041067,-32.2813778497966
-3.299505839853646,4.644461151557746,-1.4195066929577802,1.8769165591264825,2.944860819288799,-22.826991479705434
-1.0292266074315162,2.851502673173779,2.6580272488976178,-3.308193801515318,-4.450921852589634,-69.58512560813267
-2.6961427978113663,2.126693337637918,0.4141362839169407,-3.629596331783472,3.4273617820294113,-103.47136164199708
3.043883947740005,-1.7957505899185975,1.0905378438901359,-2.556373267642181,-0.9926909024345001,-102.87918244275552
-2.369132227101678,3.6134563204556507,0.31917746809685177,1.327787001943939,0.5455057518676938,-55.684282001372125
-0.5137829372772824,-2.215958668221485,-4.311606159399219,-4.5242354980486645,1.664740675022757,-1.9890598168269444
0.6946536953502891,-3.440346728924577,-2.0579309233631493,-4.721719608802819,2.499289050958157,-31.4712242484409
-2.506778539017771,-4.677833479931984,2.5948206633810607,2.2669798681222915,4.043843834942194,-18.288565718552185
4.95119091962858,-0.09675247647363161,0.02762361951047687,4.497718889534999,-3.347499711469426,135.29798250824302
-0.7947599894392052,-3.3977842199180253,4.7051418773906235,4.538924915831604,-2.204299769951299,65.63088816870948
-0.6973171610581419,3.2713917397778953,-0.9195037334736069,-0.2728830852413573,-0.06880310081886609,-35.709884053996866
1.5132735045072545,4.799060876621052,4.886314867092937,3.464187726436352,2.3948250177342505,149.48044297865852
0.15290512311485482,-1.813593319817124,-0.38719445606181324,3.938475179459479,4.680886365147707,54.19184337385652
-1.9703466153448113,1.6391880841066335,-4.581634791182095,1.5336012454227577,-4.9475534579812575,77.76289543150344
2.939228814707092,-3.90143939193619,2.383271110582922,-3.76858409311743,-1.3242831589901192,-101.54193894911882
1.5858157336738854,4.29306756433934,-2.117868269937271,0.06284216854621238,3.090388140626601,-34.0162602609474
2.6761328232627504,-0.545737027561616,3.1650250921763092,1.9917259248389074,2.563822234389452,-93.95274284422513
-1.3061176644282293,3.8634823787714296,3.245515647611004,2.3043647464238255,-0.3396864533455588,-58.724211882610234
3.671328082309543,4.757767603048146,4.249578036282221,-4.199491081059044,0.21388545570858142,112.09910099628298
2.172683237731211,2.415934087491464,-1.3470387831185802,2.0568804253182558,-3.0898003423504097,-119.18871436322378
1.5732822587027364,2.5908297564292155,-2.1967148623149004,-2.3388964340630816,2.385559572001182,-128.32755868663077
2.791286191039223,-1.5122475548682779,4.114749406628736,-4.829555489108662,4.666340715239139,121.64018483324433
-3.626359495944067,0.9726821611554337,0.6711436098149912,2.135425868018922,-3.218438159935808,-92.59218606972436
-0.6456610628033292,1.82580714938668,-0.9307782673646292,4.355084842722004,1.505965147036851,-2.7753115008435643
3.7113552990387735,1.455867025912605,4.205758703882426,-0.5961536753654562,4.122062824150689,23.137479311564185
-2.1482379050770515,0.6558487037641489,-3.8237681327475537,-3.452398793779828,3.068132008271199,-108.3741599416898
2.109646280560712,4.4243064318308125,-4.547259616714166,-4.473642783042663,1.1120765227873992,85.12342821880434
0.42752701384929104,3.3217996116498476,0.2523389482817606,3.9636233322461454,-2.47743897953053,-48.59074634365184
-4.7097062827341984,1.4168212439848293,0.5527910750085452,4.482478044925397,-1.9471527503418882,69.38322001261925
-0.8360542334880403,-4.220597581302158,-1.019513726206819,-3.1770635194766452,-4.327046613877124,-35.84430933463206
-2.658811222763362,0.15465914590132002,0.24282896352017147,-0.7229446562346613,-4.639806168843805,4.166203462977723
-1.6091595796555391,-0.5690998931658466,1.9454031178783495,-4.481078628548751,1.470604763331389,-24.930135060106558
-0.7451262680615489,-1.8627823462863957,-2.591328159692009,-1.2136122888402667,-3.2980885684996863,-118.76364690846972
4.689342130260938,1.5537295812991427,4.636366254173849,0.5691614072510909,1.0756261324422915,128.8250550585784
-2.494590056349013,-0.3110086391215372,1.5520363745311538,1.5975896771093323,3.2300941155607017,-85.05140019856555
2.2789808283507327,-1.7823712184941112,0.7950279857912843,-1.2650628619585023,1.1457476757869847,-72.31631197975514
1.5060853259960005,-4.3238289206327165,-4.196628746859398,1.9016908651359206,-1.0882621177197862,-22.33670832195445
-0.7440731906318563,-0.9820400784553271,0.7405974698606475,-4.677331399375657,0.7613318702915652,31.006881911086868
1.907599795407159,1.218059088572537,-2.960754818455571,1.010404364012497,1.239274172776856,-78.0796948084471
0.11097332303273699,0.8611725854839936,2.909296275316886,1.275564708084179,-2.8997419391500054,-75.97476087435969
-4.883733428003675,4.857598322915063,-2.0882500487640874,1.8856164167815015,1.6700992708945108,121.26504367604845
0.4838908933815098,-0.5701435295025723,-4.415488439129202,3.4880554101080214,-0.244713676527045,2.306729331897365
3.746824652361415,2.4850707198543773,-0.8245154237401318,-2.58469937857594,2.9633356386209906,-97.5854963654336
-3.323765472707043,-1.8820840867587005,4.702556360812212,3.3390186010435805,1.1513115126081725,-7.844215602092879
-2.0191309443068484,0.003926185756292,4.825955047847685,3.67295471538611,-4.5682262128896,99.36740608623882
-4.541001963968604,4.45625349038594,-1.3477088837815177,-1.4361484071018382,-1.7461707219277764,26.997774263059846
-2.6615062491489216,4.827311746197161,3.548435898037841,-2.7424062777773397,2.590733391556924,-16.78446608625106
-4.510590526104711,-1.8259372104224192,-2.553344977583021,-3.235689191257194,3.15560298246165,-89.60724242900449
-0.37703290349740204,-1.804497033731546,4.140540106098104,-3.7070783794444306,-1.3326116795364285,-48.24496335860413
-2.1447709882014845,-3.3327433992009867,-0.5432079847885394,-4.11718642799216,2.1812250657978813,-94.10984765801459
-0.20501639325739873,-2.9630058887998967,4.559287973056609,4.9878364553356604,4.92521151918176,255.88429648853042
4.046697409972328,-4.831617986042969,-0.9709869262933823,0.2416249724192321,-4.7819120510569135,144.84396055921383
3.3443565107145155,3.8547907687210365,0.008288329223868018,0.8724196820142645,-2.9285079224926447,-60.35941185851875
3.860737458807998,-0.053363684263299405,-2.3779126764073046,-3.0153721909804263,0.07998334561941345,-71.83465361191591
3.1635785832041776,-1.383672075096054,1.5873441246760889,4.374392094326872,-2.695466227684411,-49.838549798359125
4.864473772753332,-3.4954014932510056,-1.4394757238840397,4.254984429680032,0.8771232667626219,78.00307248004674
3.199357069696415,-3.6203071218333536,0.0684350743242268,1.4386297280285918,-3.5916301646289686,-88.75595341657473
3.0544935216846234,4.605015398460603,0.1049598507022731,-2.524930207780013,4.6725010857587,81.2271199443628
-0.6972572071761816,2.662588555678262,0.20682711476710391,-2.590965161421279,0.5712276715506501,-69.39634715929321
-0.19362128920953658,2.249944308078245,-4.562767907877346,-2.1799739769275908,-3.823638566148637,-35.74232693271238
-3.525499757295343,3.1253683500201515,1.2694666708890452,-0.3986748455211364,3.7495828845727495,-67.42515614935215
4.514732352756621,3.2340962887607887,3.666222295529151,-1.8998084924146754,-0.8981752930003974,-7.92074136195928
3.2561277047061132,-4.4070969163926685,2.342235960385165,-2.0541739449794463,3.6319640525686374,-60.83432731450577
-1.8012579223737326,-4.74322714949544,-3.110182118110517,-3.177610820521266,-4.902916665105024,43.86226076756747
3.565061018595479,-2.770640430504574,2.8387529666082036,2.514390550152976,2.0516794079905694,-120.26417687996958
3.2188760941858305,-3.7182480512173752,-3.51307310314969,4.071341238581633,1.3127812158616745,-70.87865457491615
4.410371439081384,-2.845077792550732,0.33186936433239556,-3.0627448113842073,-0.2638612660658932,-34.280054061992374
-3.058457890292954,-0.3437193555494442,-2.640478200287756,2.6657298982580855,-4.469474247378474,-75.4173989383007
2.181196947892998,-3.356558529356258,2.0639876230503944,-3.9932698776593103,4.64559494573656,-14.369633122933282
-2.3915603438245805,-1.6877888861278478,-3.601669627332902,1.9796996071830852,3.3331141205545016,-125.2954306033408
-4.448411569239542,3.513423744150444,-1.4835839283093186,3.5852952781751615,-2.598782088478888,-55.50081709671804
-1.8782620301545472,-4.7847489186330785,4.143521218873429,-1.372760917853574,4.338925338347188,81.10189727844846
-3.1870959187165226,-3.6135613822048707,2.2439811215405054,-4.1600909834265645,2.445375585491652,-110.25280041529726
2.228139277759446,-3.1194656225355133,-0.21637256652707393,0.9686008598086406,1.7463595515324473,-81.16723798071571
4.978610697259494,-0.2702114721333482,-3.093624179690514,-4.664941832839532,-2.5486552305655366,94.61271636134927
3.98550469398762,1.8380346644442795,-1.6698092686069654,3.3742323279816286,-0.2632854338397008,-49.49059432272436
4.650551569264277,4.947164581953796,-0.9501285333637446,2.8532060326290667,3.9816053066253634,163.6060990143521
-2.900080699772385,2.2373323644041774,-4.257653752994183,-0.5226321524899458,-2.8886258080899054,-93.78396072001578
1.7537190274401926,0.3842553609154127,-3.38782049250855,4.039365045517501,1.2258836829423334,-45.924624366540314
-1.479066046711818,-4.065158075880479,2.2003829465686406,0.2629092819021297,-3.7189398511368554,-70.61808993025178
4.501933559380397,-3.194036063853166,-1.178840504418507,4.9118493061551565,-3.2010698782622615,76.30626135463993
-1.8288176215134335,-4.682148318455734,-3.057500286323415,0.4823213375719062,2.510734913812848,-36.17631271294932
-4.159573556042206,0.08561751668531237,-4.070197437687742,0.7370963082028776,-4.001517153303417,-17.17614344365117
-3.167535644771556,4.332302937842737,0.5685670353778072,3.369137304461619,-0.6205272908196902,-24.246400491795903
4.25679735867371,-3.1285038767779105,0.3280943059428596,-3.99385930511011,-3.453726802498953,-52.34469767418321
4.8139354854309495,-4.877674448015501,-2.6271207474010003,-3.488169557380918,-3.3117553440357494,69.38919048749
4.088922322792296,2.175365217493235,-1.9167075160660718,2.628133134751618,0.21049744367617151,-56.40222553204245
-1.3787367125353245,1.6084804021676984,4.249988250513892,3.9455435200101956,3.4655435636320373,-10.299532490705792
3.50181126092391,0.3856697782798193,1.190560052791568,-3.0239129200103854,-4.726510471846803,-2.538115221718517
-0.7891339864594045,1.673804535396891,3.266588218881088,-1.3761080911745083,0.47055318766982435,-58.65106662899322
-3.9192187989815066,3.5312489060783196,-1.2322170533184442,3.7642124305850952,4.7886086150806175,45.13431383030512
-4.530358990125487,2.900279576308842,0.7140187596240954,3.267354151351075,3.5780750443343674,-24.32093472821703
-3.5616619081657497,-0.20154166588181077,1.2494524298030818,-4.938292742546473,3.318832272846157,31.400765368976515
0.6396167433271858,-0.8035219437061434,4.0503181934712185,4.579552582268716,4.604118527508032,134.78119998207828
2.602837860118269,4.441152429909193,-4.979959559526845,-0.9292416154983236,-2.7758134284728953,72.32292965907644
1.2783642238859763,4.666248440887074,-0.3633538435283761,1.6809532445355382,-4.117044537631801,46.599594612227186
-4.103344208677758,-4.316995695420331,2.877422348577163,0.36243201543621417,-1.8485361481160711,-40.368348043472025
0.8031708484606028,-2.8284067863213846,-3.4650679049200073,0.804964939906716,3.8507297609315074,-76.5702295736485
3.84579670380597,2.2955298017428003,-4.412511125358751,-1.148238831723054,-1.3426495557430416,-27.339924712874858
4.049239321727029,-0.5292159277001938,0.6572671545665996,2.2497788738721045,-1.9194481151952814,-41.55839977907877
0.43958991529892,3.49340119222947,-3.3296319156972487,1.8622241796980346,-3.76015733372531,-89.46076487187038
2.7760086948280636,0.042121683100839746,-1.6417397454468894,-0.7228981740842624,0.09494614826787373,-52.773025845854534
-4.033098675765697,0.47743191708239596,-0.8001150890209914,0.7298063475257983,-4.347548093557592,-1.4860942878055663
3.313718234481188,-0.3483844784616972,-1.4870001160576605,3.300698104005807,-2.933919856868512,-98.66842219121938
1.2666187015022201,-0.6563758686783778,-4.66394906275553,-4.976957017544107,1.56902223442607,120.46435843393176
-2.189862150204296,-0.13326421295950297,2.947305424548351,2.1683388483451598,-3.3192339449159602,-113.29829092933073
-0.04362368555419849,1.7299724168277901,1.7058797176910048,-0.7441650550332257,-3.003207185710676,-75.63551652298801
-0.16412928995483433,2.3689480922403945,0.17734004938237202,0.7749395552090119,-3.364063054746278,-61.04323109612623
0.6004838290037284,1.5398976299818639,2.16698505502338,-2.8086308393970825,4.115941878428924,-56.086999944540004
-1.6012762762377064,-0.8339974290027206,2.8328881343393144,4.516061334234493,-0.8259801072063393,-4.828820201049759
-0.35237661424073696,-2.049556064128012,4.103812984135391,-4.8817987707575785,2.0713847058571675,46.38933704139206
2.8535803884131408,-4.273958732058535,4.57984214843081,-1.8506087207869792,-3.964358806345084,9.795018461407794
-3.7077659260373306,-4.230394784450127,-1.712736779417543,4.557210554015796,-3.2256799238267186,-18.98869576524703
3.832990395044636,1.8912780452865263,0.10502347997722339,4.184500691153072,-3.2481624758126815,-30.110880183683967
-1.3582896892236596,4.607786111873587,4.490260126812318,3.5043284311830387,-0.8793372345433212,81.19629493699128
-1.2336562797530992,-4.128468207804401,4.013041338137613,2.655090313119697,-3.1581184901493673,-67.26683206307854
-3.5962601514734915,3.805701119361702,-4.250045618042594,4.368836762362836,-3.715134145727191,-6.148743950131687
4.309072444606642,-3.580540541230034,4.148704200622259,-3.15601057328718,2.1934245977783053,-33.15033860700069
-3.264000476010538,1.2233791225251842,3.479877238957945,1.1153325613294696,-1.0357757736332407,-76.18230000612445
4.28603085103823,3.3640057656989217,2.105963199632315,0.5005293390798293,-1.3835909255069834,-23.306568806439014
-2.4931560671916078,0.14931363266608155,-0.018368975684824207,1.7955501450960352,2.3657965549899806,-75.33305915398525
4.7708151200036575,2.7923480410846633,0.3248732693883296,-4.734681496912446,2.8208722401947606,98.89705434330891
-1.4470397716828343,1.042685871568266,-3.1518890375373267,2.223051649411378,-3.9739052786413787,-95.41383238699109
4.708089745047406,-4.654295392917737,-0.9849095184188386,-2.9979733605777605,0.14971452189504575,80.43897263693698
2.994180262561996,1.1334737943836668,-1.9770074013182013,-1.652414207802293,0.7388886668725387,-84.0615803515806
0.7036898050663618,1.654814848148657,-3.8668385333313826,-2.820287288800319,-3.88070689006202,-89.85954383420628
2.2003269022891567,4.311750608485783,-4.414941746898978,2.252683627517457,-4.593912260225817,56.472101515545575
-0.08159017999429441,4.1213865991932686,3.298752088859832,-1.1216471384902293,1.6344542382011031,-25.928648559735553
0.059536880106822565,-2.9697878921890775,4.7712905583127245,-4.168836358172445,-1.6210689815803283,30.22159841239947
4.183898386590473,-3.520287622492577,-4.036175365826247,-0.0865092651612045,-4.26757377899698,-6.516291893774164
-1.5506544726401117,3.6731052700352365,3.9997280648184574,-3.4698044259039804,-0.6825967854191521,-55.76355707918509
4.54412853216162,-4.994659025137671,-4.096098230698405,1.5386604144881328,-4.634088871827279,189.44272591963556
-3.941514658445601,2.126968278590107,-4.005682014678208,2.0066599123566684,-2.7285791720662345,-100.76107359392365
-1.9839042168339658,4.388376345149741,-3.5863080294533614,-3.9531416831327313,4.915581976715341,81.79553386193243
2.6967067435506333,-2.2723104231122937,0.6563892388406973,-0.08965147942247764,-2.0398735821541214,-91.38482423086218
4.521104027707633,3.518112740647453,2.4009398748650277,0.03593376270306514,1.7959748540315346,3.665903027712425
-2.3957308911297126,-0.9219842998626788,0.03226016768559603,-0.7106451854124192,0.56660406583498,-50.75667379651265
4.964197283324388,-1.5226047250091401,2.5876443343799522,4.629686805252,-0.5104859391044227,140.68853670294118
-4.746142017331464,0.48980943225455764,-3.2655857042904213,1.1793133164321574,-1.6234428961972958,-3.3838467154373193
4.928475827180613,3.4875336743256486,-1.4912238246155853,2.609158172878054,-1.6701998088754602,32.24147375467835
