-1.5848209077658448,-0.16232755631296597
-1.6056745311749787,-0.0766988724911742
-2.251184534115367,-1.2056182189044586
-4.94047549596207,0.7821922963946345
3.129525843991427,1.1154448518327573
-0.7293829390217716,0.8651593155769934
-1.7063961220161716,-0.6546366331142871
1.886498688700784,-1.058473826107234
3.5515661454142897,-0.3251318673886523
-1.4562453382294094,0.29132639105968827
1.9502024374662232,-1.680761107472037
-1.7263748719630478,-0.5370620466605763
1.7430807058835862,-0.9742798283579361
1.7462938840045599,-1.2696137498591304
-1.7767476302580087,-1.4084763743634392
-0.026553734583675492,-1.162524937177407
2.029013148459855,-1.289387219136249
3.233525502608792,0.05821089914745847
1.6974797868650713,-0.8288659530741322
-0.19182524416776126,-0.7227023035776372
-1.4442691772405416,0.4321966997866981
-3.2205977172416036,0.9921493196747773
2.339004713978648,-0.7285247473053873
0.5166085442473811,0.28188491625769
-0.3641511211248103,-1.1020780653194961
0.9215575188217588,1.0103120173538667
-1.6278092596011762,-0.10383703241330508
-1.8369274115410352,-1.055718484293733
-0.2541916661718746,-1.1425894898712035
0.07026810288258911,-1.0100686191139514
1.5320278024450396,-0.1448581380265666
-2.5150276796487834,-0.4870987488290117
1.719415021209679,-0.7735561832036051
-3.944985541487005,-1.226364011355087
-0.8478079071979137,1.092439773729474
2.1349685107301486,-1.3288990997594958
1.8012234261778595,-1.3907297720449303
-1.620080254624452,0.40963288757385163
-1.7680575460056716,-0.6189822751141404
0.09637446280967232,-1.4215482941436481
2.3280191035223385,-0.6224209968239017
-2.999895095820806,1.3612591288808142
-0.4991862056721139,-0.22347655642400996
0.7231432960746211,0.7216154387099752
1.1810602610497556,1.2705307764697373
3.852682126654944,-1.5325427562010352
-3.263423212235196,0.9640043258438455
-0.2744067686996612,-1.4520457261039779
-1.4559598366707927,0.6010779062386239
-3.412257914787614,0.7978105312867386
-0.039384430858304675,-1.2657785981143523
1.669849207619337,-1.0901472144078272
-1.7953299623469698,-0.8495369724260615
-4.357685895607127,-1.0341636006590285
1.5591586540626121,-0.6284174675949185
-1.1384916214795258,1.0071520771129026
-1.2290584277807417,1.0039055061390518
-3.678286019669957,-0.4589925018885208
3.78483038217267,-1.4047965840278227
-3.3891115879309854,1.0811027881563893
3.0970760233673094,0.5462117483870321
3.1102363616433255,1.221914416531595
0.5111040438489916,0.21358822497389923
-2.1931853022991166,-1.1214084450826
-3.921609749531453,-1.5360728257353466
-2.738131973585979,0.6261094042339631
2.175142327106596,-1.643628343573813
0.44610361309375346,-0.17680094111133116
-0.7206776258937566,0.5927844540698677
-4.0136543992499565,-1.1953098345129456
1.2429801188244562,0.8349372912575052
-1.194028584081801,0.7601467859917629
-1.099893836733802,1.2228840643608525
4.807027208926332,1.5738576081469842
2.178657154926955,-0.8703686367889125
3.5917262694543375,-0.41449321979190357
1.8095541194051403,-1.3811229238715876
-1.2318094083007147,0.7561157931733098
-0.8614446590652394,0.8981154944083087
1.197678122778103,1.0588699326841815
0.5734166592266572,-0.11907174982685564
1.9798640627922204,-1.517875988664888
3.23290171159033,0.44114357833752277
-4.733057360280496,0.6315209651303325
-0.5679606281676985,-0.35545035485915794
-2.668104134852144,0.5069794771371333
-2.4503165098114996,-0.6750496922384182
-0.07793313358823184,-0.8804039051443544
-4.624242872823556,-0.09230999481804639
3.4220310816944295,0.2338754692313899
1.00843371394501,1.0545783927409076
-4.939081055861428,1.2853766816435859
-3.1439594669453785,1.414402669361032
4.4072987252950995,-0.0005311947853764154
0.02436658871365971,-0.7505880758452727
1.3373360598473552,0.4366760436745674
-2.7977023391263,1.362653006536292
1.2820820681253684,0.7525611874465952
-3.9509849910349617,-1.0392903703601417
0.13288135185192296,-1.407125299131852
-2.1157567101855967,-1.571526431596667
-4.169368742261642,-0.8226866889166904
3.988704201440177,-1.3011697116369918
2.8861713300369862,1.5672569648124162
4.02741884338748,-1.3974907548518356
-3.9136613342353446,-1.4205045893579415
-2.7552224801568306,1.1686736780594973
-2.406498288669007,-0.3021846778438593
-4.1288391877649735,-0.6056614103120962
1.8340252652652502,-1.5086044173127364
0.020866219454159562,-1.5460018792726773
0.5572299994850596,0.1498932371397771
-4.747396992991773,0.28187945766308736
-3.197085086048067,1.1856663605405593
2.522978095466925,0.4720405485939765
2.366792733856343,-0.04505042590317493
1.1275323595238893,0.9886719252215204
-1.5414064866386945,0.361759227353862
4.592472609945025,0.6780873600245823
4.33856583255548,-0.728424493213724
2.6378261378999257,0.7341038894740378
-0.541860201455366,-0.21445185166655695
2.322291974818098,-0.6578482502507212
-0.039719284501696706,-1.2074542088300746
-4.620231526603456,0.11205679940441025
3.9993245866465514,-2.0532779288892513
1.8874160120459385,-1.356056040421552
-4.783101774331434,0.5850454892204852
1.129742420692871,1.11654240321309
-2.348274385235177,-0.3003317265347151
-1.7819896920216127,-0.18110602618795346
3.4554083035208976,0.30212124530209833
0.49309142957828644,0.5975051616715479
-0.8793507317044025,1.119207419588224
-0.798897154612491,0.41864238793391534
2.4370426812564316,-0.050882196656824905
3.932867078078907,-1.501368938202729
4.6821468201801775,0.28166593403506845
-3.1938360581504877,1.7370474645722869
0.20009559882664973,-0.14980035001035674
-4.184509349174733,-1.5692977669879478
3.871843898503247,-1.049150715603519
0.2866277421408814,-0.9218454568309096
3.9833970601064905,-1.7775863365663422
-3.779131717154034,-0.6457015511038514
-0.12842455861065538,-1.1492509957470876
-4.524459349994828,-0.16112060232654923
-2.982011730310007,0.8278912423468714
1.7414667267578299,-1.0597062547921934
2.4818378498757383,0.060635840473116806
-3.6650626977196166,0.1484703647708583
-3.263291332129171,1.5133066567796747
-1.6905108123624024,-0.6658824999113336
-2.3910415549204433,-0.979499760058999
4.184377088121327,-0.6203860840861066
0.64694936245865,1.3230981823569645
4.897896263672752,0.9157723886017242
2.4560774203090734,0.4365930963737939
2.076783847199878,-1.339235426880341
4.789465173547692,1.3274939758441169
-1.9419972756067603,-0.6550298200491851
-3.298173126520143,0.9566294381184818
0.895762942284537,1.5986383557109138
2.9132471509761864,1.1292146294455985
1.1378650127970724,1.4980393574453645
-1.6225608541621916,-0.20368427852896975
2.9760226347929866,1.1923143544009238
4.978002604976211,1.5907259148312576
-4.10820632517868,-1.2955580837110587
1.4979837060953756,-0.0761799208986225
2.390632073258181,-0.5316108123642804
4.2654673897148925,-0.6935119384728908
2.907133526205029,0.8796487122450823
3.3466998069806593,0.8679976743710585
-4.3431477906224805,-0.8172699049449457
2.5582403811332046,0.882076916389974
0.12397241444228957,-0.7286630903183597
1.4558982657423698,-0.5638518674777252
1.1138405468383352,1.2097192760052027
1.0455776947408557,1.0700458348954105
-3.4579955844852583,0.07875094291663526
2.3488854103428034,-1.0005095063929152
1.924312450656175,-1.009243595070255
0.9222938948953487,1.7399822696110296
1.399056516592669,-0.05527846864064792
2.322674357126397,-0.8039186966871952
2.728126179852975,0.959469171896246
-1.3893747483460253,0.710311610507773
3.204214908256347,0.40190427583606814
1.122739557658889,1.2245184402622962
2.5304874947495657,0.32551777482427935
1.6654765422734608,-1.103770874611699
-1.2207634727956473,0.8880415829774624
-2.8637926164597594,1.2319904077190582
-2.4647274168715305,-0.06639481824592419
2.6868251906271237,1.1406428507945445
2.3175625613327124,-0.5390755164585248
0.6585620509914945,0.40360655154970115
4.28314058355414,-0.6322071378133325
-0.056685025989104965,-1.266837944885308
4.445602929387201,-0.1893016668011951
3.6417885308690785,-1.0000508626297244
4.920974999278476,1.244887061527178
4.855150899402,1.0720711887594327
-0.8873145535495421,0.7754007976792143
3.7480646067885353,-1.0920393008548344
0.3603080930274256,-0.30586155522223074
-4.777676886760788,1.0468642074431698
0.36380887031601183,0.1752695948712355
3.2137392399087616,1.6758778068564504
-4.1007420491467546,-0.6187859099756612
-1.8107003773411714,-1.4528640350149533
-3.6884027516476348,-0.449024270444241
-1.4760419611342246,0.2874297974685911
2.314653832746747,-0.4544938084945457
-2.474288262756017,0.17042196137806737
3.8567577799827273,-1.695517028393809
2.852921909431428,1.517537925572568
4.925366046326307,1.1354691316734722
2.9184239542472756,1.0349294254397672
3.1312139392120155,1.115849765572219
-2.4188591829688977,-0.49597439013226424
-3.1961057456992172,1.34409137680503
-2.956596839444443,0.8444806651182846
-0.5599128567197802,0.4650544956197112
-4.0270171140140265,-0.7608820476305854
4.926214735804715,1.1219211381828236
-1.4498494788810201,0.9443158005946053
4.795119050747395,1.4931782313782387
2.41572168003281,-0.403790949342012
-0.12368815462371785,-1.3739665269274384
-1.8843700710441702,-0.9736176890356542
-4.939463765662096,0.666458773226239
0.3421116719291293,-0.11923774876061338
-0.20824239697365776,-1.1594777986692275
1.1216254005460025,1.017013606343525
3.875312658649893,-1.3748135745274672
2.958652872556141,1.7200696880430442
-1.9884815117515342,-1.6608919533578317
-1.9279359558143874,-1.1445389295495267
4.3174033213099055,-0.5957857343093913
-2.5750312530972206,0.18725503343631655
-4.6059183617483255,0.7824153627838328
-0.1376363363233546,-1.6894183523316386
2.735837743382948,0.8233559990640091
-0.858636259289776,1.1403553481584492
3.0530654331380127,1.7703477860853023
-0.5603272692591403,0.16940700231264325
0.6342253511668661,0.8624170062855457
-4.8287520070640895,1.1106321037408955
1.8508660845894536,-1.1002233482695534
-4.090060102693296,-1.348158080580923
-1.2875783561537624,0.9007571582974798
4.6854234204430245,0.2923039073961837
-4.393724865838494,-0.6352692950332188
1.3772781782547732,-0.022627589769060596
-0.7168541976940634,-0.031646987384939984
4.032667174258458,-1.4155341609340488
0.13842028593832723,-1.7406528195020163
1.920955235029906,-1.6191612675090263
1.8691214107157794,-1.3756750609751678
-3.748070113345432,-1.1414075678832
2.9779732977378695,1.7407925482820616
1.181011454397355,1.2650816475705204
1.3836643389014904,0.20894273971234223
4.709245857092142,1.5739182395820523
-1.1019825871796094,1.6269276289349703
4.554535263779853,0.7285261584498535
-1.894771481420232,-0.7894289982349356
-4.755479623801274,0.2723063068085086
1.3256585282885105,0.18362163285527333
3.8815766470826247,-1.3224249159050465
-1.52005897032216,0.5457871828799956
0.581058982785116,0.2853641466472646
-3.5806023533140285,0.018321115823715567
0.19548198502451708,-0.6304479392836713
4.347590456973942,-0.46554723641746754
-0.8446325980538294,1.1632957984161203
-2.544709349605878,0.13456370618950608
-3.881031772005991,-1.0778878712945414
-4.040254136464425,-1.186324486966812
0.24331769009097481,-0.7767483409176
0.5662649332322269,-0.0570044389700175
-0.9771379129732347,1.091561875800751
1.5090057769775198,-0.1525495831230937
2.855668572912644,0.9179462102456188
3.1847446886467896,0.8336316976663263
4.957640455688612,1.7180943361684928
2.203133398755458,-1.229299097331905
-4.146593023064382,-1.1165044013115568
-3.8744022886777096,-1.4280587231936324
-2.3467002388304237,-0.833775898729366
0.17382942542597224,-0.7122731664621933
4.204721134459058,-0.9012706777337267
4.890396162032092,1.1234969577089027
0.49737766570830644,0.3063254900361279
2.4306048731339818,0.20119269660564482
-3.96831696182094,-0.7147603418942479
2.6612752435205547,1.081810003973509
-1.4033771663544679,0.6105864782398556
0.657701811925814,0.6033109552837068
3.051900966845876,1.5361656607015166
-3.5347424197633517,0.16041222697013777
-0.7045134456461186,0.850568176932808
4.644622642422323,0.6418089436720524
2.4996711861873058,0.7047493195930598
-3.084709960836982,0.9523110400995619
-1.5504971612398633,0.09197824703493551
1.1154644092001504,1.733186354543463
-3.8482800373736294,-0.6540029825614213
-2.7028065829504264,0.4435244721222076
2.7634994797084467,1.3708220774086228
3.551609805601357,-0.6454529550053031
-1.9924719448116077,-0.7258262945387308
3.068320481335892,1.4199698809870664
3.632149006047541,-1.0290082258781774
1.4772113326207448,-0.04966530838199053
-4.215161468039382,-0.9971258609268392
-2.9421544131952393,0.9197279039570359
4.760161713950366,0.9115727838563523
0.46669228068108115,0.645372647853981
-4.281648976943889,-1.3483865736053955
4.5709935718883195,-0.02738272734945424
-2.988962986348084,0.7361937953719153
-1.0596417970373828,1.7421734912966802
-1.4523732462938344,0.48864549141019603
-2.904411552509024,0.5920154351528317
1.2574212127571505,0.5795095713236633
-3.608232663629203,-0.1893584060115832
-2.989554888559882,1.6591258886129507
2.1646880994068853,-1.1517027161760747
-4.066636784970869,-1.3600864819352612
-0.8495279553613511,1.3172672731428154
0.4539735896946251,0.2392565395245544
0.7294222943565671,1.1955422615503368
-2.7755393785640514,0.5585918040960512
-2.8858292801977825,1.3852158741502871
0.9072808589346764,1.1610693716321379
-2.483187211957877,-0.33849556930526414
1.9733986274498907,-1.2184802822508367
1.6651949639676271,-2.0116734739585582
-0.406823092387139,-0.9449637571240754
-4.056446574118919,-1.1928309392762477
3.7629287074229865,-1.3782886750564725
-1.4483527278015265,0.7447160379527309
4.732710430908259,1.3167694521243534
1.7746880270744558,-1.265354771390919
-1.5543097018059306,0.3037335015972627
3.0954382597151096,1.4625558051295462
0.48487833213894405,0.29907112127022034
-0.44333811469879514,-0.6208438418097857
0.801295080554155,1.2243810259369188
1.0091820081575005,1.0633562065776094
-1.1154322853008356,1.456297238935248
-2.5970036985906155,-0.0255713301951295
-3.0680762017839456,1.3149221777219051
-1.1217805465222819,1.0337387311304855
3.1561655343617634,1.5172371139068168
-0.8263563865490022,0.8661763256346497
-1.1913500690774148,1.4508102754418537
0.1160681775089154,-1.0183218701493695
3.6384676972770773,-0.8742450107918837
-2.8476317233299686,1.2423762074124367
-4.014741041710154,-1.322997775683863
-0.8330369050911388,0.6616111134695023
-4.462484352397688,-0.40150355607139937
-3.6195546429229086,0.35013440376795624
-2.2502943243880837,-1.3728179397935387
-2.823498956314551,0.6043664450002417
-2.1469488992548946,-0.5930986382956199
4.315898269226324,-0.6273011769407116
4.055118929608854,-1.3965797753315452
1.4557656798190521,-0.07324462110649364
-4.793278373556414,0.682447410642149
-0.4549619864733403,-0.8943736983867727
-1.1408307889568658,1.0631286684300838
2.9947353206500864,1.5598273848782331
-0.8054995439319761,0.9306202742674585
-4.9594291250998115,1.2856555317157283
2.5479531467066865,0.3247473880252556
0.5920021137923754,0.7514878895923666
-3.3128986451936426,0.6727881381249815
0.8271104453012068,0.8390728708061914
-3.284714877668665,0.8610670515430061
0.47719253783232407,0.04988208026134362
0.005226013581457245,-1.1782725825158273
2.202308213981974,-0.9763089352359317
-1.3694823032379277,0.6032326577108293
3.1848799287902985,1.028766474001914
-0.3141343769736551,-1.651127763016067
2.2625318938773944,-0.7962861634662022
-1.2636904819646944,0.910534690656299
-4.691804748919709,0.19292920286197124
4.365633336718087,-0.08021633319291605
3.52440125244666,-0.8501777818446845
-1.8044974767289492,-1.1358057435807463
3.4425507914073847,-0.2223128974849118
0.00259554172384302,-1.7138099758776946
-4.872715671632167,1.1193888345989191
-4.908608900888623,0.9681518116481314
